9.46208 1.02888
6.44455 1.62148
5.78996 9.33228
7.15782 1.92769
0.0124186 3.20565
8.08585 7.90107
8.10485 8.44767
2.12955 9.4374
4.32784 6.08053
5.7147 6.44509
3.46197 5.19699
4.62137 7.60865
2.07348 8.55191
0.648921 4.60264
8.96925 3.14711
0.530646 8.43132
4.17599 6.97519
0.0528009 9.96594
6.30747 7.21062
1.89364 6.31989
0.416278 9.97948
4.22096 8.52112
8.42715 6.35051
7.95852 2.75499
2.43104 3.67322
9.20007 5.89301
8.87021 3.82145
3.50166 0.943691
2.37336 4.15058
5.54633 1.34261
7.29769 6.07698
9.77393 1.47367
3.05217 9.82673
1.43962 9.35964
7.03736 3.33325
5.67953 7.45363
3.31273 9.9005
5.97476 1.73988
6.251 3.93328
4.49487 8.68204
7.6065 3.69494
4.57505 6.47671
7.51639 8.07671
7.4204 9.88975
2.22729 2.96673
1.23236 9.52497
9.04371 1.00629
0.998643 2.09588
0.83302 2.43826
1.45552 7.87038
