0 4.85953 -12.3701
0 3.7245 -12.0433
0 3.05701 -11.2111
0 3.92822 -11.329
0 6.70279 -10.969
0 4.40016 -10.6036
0 7.63705 -7.70959
0 2.51996 -9.94798
1 8.16371 17.1367
1 7.12053 17.8518
1 8.19121 12.8528
1 13.0306 14.5539
1 11.5608 11.9944
1 13.2226 17.9666
2 1.47323 19.4194
2 1.14051 17.106
2 -1.52143 18.1769
2 -0.0312617 16.9182
2 -2.91398 22.5582
2 1.08487 19.4804
2 -0.945818 21.583
2 1.6255 22.4389
3 5.72472 -11.0803
3 0.498981 -11.3338
3 1.92648 -8.83522
3 1.84743 -9.11879
3 -0.740793 -11.0022
3 1.84123 -10.0204
3 -1.06885 -7.97179
3 3.5442 -5.61899
4 15.6644 -14.7035
4 16.4149 -18.9642
4 17.8544 -18.0285
4 16.5323 -16.2978
4 14.3862 -13.6907
4 13.1248 -17.5983
4 15.5367 -16.8552
4 17.3307 -16.0289
4 17.6836 -19.1709
4 16.0491 -17.8619
5 -18.4937 7.37687
5 -17.4438 10.3623
5 -15.2888 8.12859
6 -1.12371 11.5106
6 1.64459 11.8564
6 3.60255 9.40045
6 -0.185778 7.79604
6 0.0365062 11.6381
6 -1.58074 9.40311
6 -1.13224 12.587
7 9.46184 8.32738
7 9.64603 11.0527
7 8.09529 9.35471
7 8.68444 10.3983
7 10.9428 10.2157
7 8.62581 7.01908
7 6.39033 6.78071
7 9.06999 12.494
8 -1.19785 -13.7525
8 0.311187 -14.9483
8 -1.28484 -16.3683
8 -0.634664 -16.5681
8 3.24824 -11.3164
8 -0.579281 -13.4465
8 1.32787 -14.6795
8 2.17999 -12.2609
8 0.551555 -11.85
9 -0.737445 -9.29948
9 2.19971 -8.65771
9 -0.0881729 -9.92581
9 1.1301 -8.70534
9 -1.57531 -8.0617
10 -18.209 -4.5613
10 -17.7918 -9.16426
10 -16.2649 -3.60833
10 -13.8151 -4.637
10 -18.0235 -4.02249
10 -15.0278 -4.03565
10 -13.6926 -8.77177
10 -16.7937 -7.05496
10 -11.9293 -4.34606
11 -13.9025 17.0248
11 -13.9976 15.2424
11 -14.0397 17.883
11 -13.545 15.6113
11 -14.5608 16.0975
12 -15.7894 11.9706
12 -16.7471 12.5384
12 -15.457 10.4551
12 -11.8042 9.03028
12 -12.7267 12.1575
12 -14.815 13.2534
12 -15.0202 10.7585
12 -14.2364 9.9331
12 -14.3669 9.64131
12 -14.7575 12.0014
13 -3.94928 -8.77488
13 0.184631 -4.04427
13 -3.2594 -4.24663
13 2.00154 -7.77436
13 -0.720951 -8.49411
13 -1.88309 -4.5994
13 -2.83044 -5.42479
13 -4.16599 -6.5919
13 0.338859 -5.38943
13 0.351571 -7.10314
14 17.342 -5.96156
14 19.3427 -5.65266
14 18.2008 -10.7887
14 18.1539 -11.4962
14 16.4924 -10.0956
14 20.9058 -8.11011
14 17.4202 -10.2059
15 -9.98047 -6.71424
15 -10.1778 -6.02077
15 -11.0362 -5.32062
15 -9.92261 -3.53896
15 -8.90943 -7.62875
15 -9.0589 -0.796645
15 -12.5456 -3.31841
16 -0.90652 -15.2467
16 -5.75417 -18.2723
16 -2.44515 -15.9258
16 0.823747 -15.8922
16 -5.24109 -12.7746
17 -16.265 3.6475
17 -15.9883 5.62885
17 -18.0901 8.29586
17 -19.5333 5.68058
17 -19.2865 6.10704
17 -16.6082 5.28415
17 -16.2169 6.36364
17 -17.9538 4.59957
17 -16.3459 6.70192
17 -17.562 5.71064
18 8.31432 4.10108
18 9.45813 4.21335
18 7.04102 1.60133
19 7.96472 -15.91
19 7.51282 -18.8918
19 4.98977 -17.641
19 4.14455 -15.0963
19 6.30612 -19.3629
19 4.30231 -14.1644
