-8.81971 0.0102367
-9.74586 -5.27452
6.55197 -9.03155
2.37662 7.18528
-1.53934 -9.3659
-6.09955 2.48124
-7.57004 2.85893
-9.61792 3.07663
-3.41056 -8.36928
-3.0961 1.51158
-2.12471 0.623079
-7.85973 -8.34841
5.87124 8.68077
8.34879 -2.86802
9.17049 3.53822
7.1543 -9.64923
-6.45155 7.40844
-4.92375 -9.89958
8.37689 7.45287
7.2857 -3.16246
8.08697 -8.81385
9.31878 -9.48307
4.04508 9.70086
3.59356 -9.36548
-8.66842 -9.50254
2.1461 -0.793136
1.12054 4.28637
0.858451 -3.00822
2.96715 -0.792754
4.12376 2.13763
-7.25454 1.27805
2.48841 -3.70609
-1.31351 7.56466
-3.60566 -2.93662
5.01753 -6.31997
3.90092 3.1045
-5.13382 3.2197
3.62143 8.91126
2.92056 -2.78501
9.54578 4.25214
